img_link,image_page_number,booklet_name,booklet_link,img_name,,offers_Box_dim,old_costs_dim,new_costs_dim,offers_name_arabic_dim,offers_name_english_dim,quantity_dim
https://www.alsoouq.com//uploads/2022/06/322474039.jpg,1,عروض بنده الأسبوعية تسري حتى 5-يوليو-2022 الموافق 6-ذو الحجة-1443 لايفوتكم اليوم الأخير من عروض الصيف,https://www.alsoouq.com/saudi-arabia-offers/panda-offers/%d8%b9%d8%b1%d9%88%d8%b6-%d8%a8%d9%86%d8%af%d9%87-%d8%a7%d9%84%d8%a3%d8%b3%d8%a8%d9%88%d8%b9%d9%8a%d8%a9-%d8%aa%d8%b3%d8%b1%d9%8a-%d8%ad%d8%aa%d9%89-5-%d9%8a%d9%88%d9%84%d9%8a%d9%88-2022-%d8%a7%d9%84.html,322474039.jpg,,,,,,,
https://www.alsoouq.com//uploads/2022/06/1081536150.jpg,1,عروض بنده الأسبوعية تسري حتى 5-يوليو-2022 الموافق 6-ذو الحجة-1443 لايفوتكم اليوم الأخير من عروض الصيف,https://www.alsoouq.com/saudi-arabia-offers/panda-offers/%d8%b9%d8%b1%d9%88%d8%b6-%d8%a8%d9%86%d8%af%d9%87-%d8%a7%d9%84%d8%a3%d8%b3%d8%a8%d9%88%d8%b9%d9%8a%d8%a9-%d8%aa%d8%b3%d8%b1%d9%8a-%d8%ad%d8%aa%d9%89-5-%d9%8a%d9%88%d9%84%d9%8a%d9%88-2022-%d8%a7%d9%84.html,1081536150.jpg,,,,,,,
https://www.alsoouq.com//uploads/2022/06/1228770500.jpg,1,عروض بنده الأسبوعية تسري حتى 5-يوليو-2022 الموافق 6-ذو الحجة-1443 لايفوتكم اليوم الأخير من عروض الصيف,https://www.alsoouq.com/saudi-arabia-offers/panda-offers/%d8%b9%d8%b1%d9%88%d8%b6-%d8%a8%d9%86%d8%af%d9%87-%d8%a7%d9%84%d8%a3%d8%b3%d8%a8%d9%88%d8%b9%d9%8a%d8%a9-%d8%aa%d8%b3%d8%b1%d9%8a-%d8%ad%d8%aa%d9%89-5-%d9%8a%d9%88%d9%84%d9%8a%d9%88-2022-%d8%a7%d9%84.html,1228770500.jpg,,,,,,,
https://www.alsoouq.com//uploads/2022/06/3564484433.jpg,1,عروض بنده الأسبوعية تسري حتى 5-يوليو-2022 الموافق 6-ذو الحجة-1443 لايفوتكم اليوم الأخير من عروض الصيف,https://www.alsoouq.com/saudi-arabia-offers/panda-offers/%d8%b9%d8%b1%d9%88%d8%b6-%d8%a8%d9%86%d8%af%d9%87-%d8%a7%d9%84%d8%a3%d8%b3%d8%a8%d9%88%d8%b9%d9%8a%d8%a9-%d8%aa%d8%b3%d8%b1%d9%8a-%d8%ad%d8%aa%d9%89-5-%d9%8a%d9%88%d9%84%d9%8a%d9%88-2022-%d8%a7%d9%84.html,3564484433.jpg,,,,,,,
https://www.alsoouq.com//uploads/2022/06/4031827313.jpg,2,عروض بنده الأسبوعية تسري حتى 5-يوليو-2022 الموافق 6-ذو الحجة-1443 لايفوتكم اليوم الأخير من عروض الصيف,https://www.alsoouq.com/saudi-arabia-offers/panda-offers/%d8%b9%d8%b1%d9%88%d8%b6-%d8%a8%d9%86%d8%af%d9%87-%d8%a7%d9%84%d8%a3%d8%b3%d8%a8%d9%88%d8%b9%d9%8a%d8%a9-%d8%aa%d8%b3%d8%b1%d9%8a-%d8%ad%d8%aa%d9%89-5-%d9%8a%d9%88%d9%84%d9%8a%d9%88-2022-%d8%a7%d9%84.html,4031827313.jpg,,,,,,,
https://www.alsoouq.com//uploads/2022/06/9508417843.jpg,2,عروض بنده الأسبوعية تسري حتى 5-يوليو-2022 الموافق 6-ذو الحجة-1443 لايفوتكم اليوم الأخير من عروض الصيف,https://www.alsoouq.com/saudi-arabia-offers/panda-offers/%d8%b9%d8%b1%d9%88%d8%b6-%d8%a8%d9%86%d8%af%d9%87-%d8%a7%d9%84%d8%a3%d8%b3%d8%a8%d9%88%d8%b9%d9%8a%d8%a9-%d8%aa%d8%b3%d8%b1%d9%8a-%d8%ad%d8%aa%d9%89-5-%d9%8a%d9%88%d9%84%d9%8a%d9%88-2022-%d8%a7%d9%84.html,9508417843.jpg,,,,,,,
https://www.alsoouq.com//uploads/2022/06/9036814875.jpg,2,عروض بنده الأسبوعية تسري حتى 5-يوليو-2022 الموافق 6-ذو الحجة-1443 لايفوتكم اليوم الأخير من عروض الصيف,https://www.alsoouq.com/saudi-arabia-offers/panda-offers/%d8%b9%d8%b1%d9%88%d8%b6-%d8%a8%d9%86%d8%af%d9%87-%d8%a7%d9%84%d8%a3%d8%b3%d8%a8%d9%88%d8%b9%d9%8a%d8%a9-%d8%aa%d8%b3%d8%b1%d9%8a-%d8%ad%d8%aa%d9%89-5-%d9%8a%d9%88%d9%84%d9%8a%d9%88-2022-%d8%a7%d9%84.html,9036814875.jpg,,,,,,,
https://www.alsoouq.com//uploads/2022/06/1658833350.jpg,2,عروض بنده الأسبوعية تسري حتى 5-يوليو-2022 الموافق 6-ذو الحجة-1443 لايفوتكم اليوم الأخير من عروض الصيف,https://www.alsoouq.com/saudi-arabia-offers/panda-offers/%d8%b9%d8%b1%d9%88%d8%b6-%d8%a8%d9%86%d8%af%d9%87-%d8%a7%d9%84%d8%a3%d8%b3%d8%a8%d9%88%d8%b9%d9%8a%d8%a9-%d8%aa%d8%b3%d8%b1%d9%8a-%d8%ad%d8%aa%d9%89-5-%d9%8a%d9%88%d9%84%d9%8a%d9%88-2022-%d8%a7%d9%84.html,1658833350.jpg,,,,,,,
https://www.alsoouq.com//uploads/2022/06/8493231369.jpg,3,عروض بنده الأسبوعية تسري حتى 5-يوليو-2022 الموافق 6-ذو الحجة-1443 لايفوتكم اليوم الأخير من عروض الصيف,https://www.alsoouq.com/saudi-arabia-offers/panda-offers/%d8%b9%d8%b1%d9%88%d8%b6-%d8%a8%d9%86%d8%af%d9%87-%d8%a7%d9%84%d8%a3%d8%b3%d8%a8%d9%88%d8%b9%d9%8a%d8%a9-%d8%aa%d8%b3%d8%b1%d9%8a-%d8%ad%d8%aa%d9%89-5-%d9%8a%d9%88%d9%84%d9%8a%d9%88-2022-%d8%a7%d9%84.html,8493231369.jpg,,,,,,,
https://www.alsoouq.com//uploads/2022/06/5816809390.jpg,3,عروض بنده الأسبوعية تسري حتى 5-يوليو-2022 الموافق 6-ذو الحجة-1443 لايفوتكم اليوم الأخير من عروض الصيف,https://www.alsoouq.com/saudi-arabia-offers/panda-offers/%d8%b9%d8%b1%d9%88%d8%b6-%d8%a8%d9%86%d8%af%d9%87-%d8%a7%d9%84%d8%a3%d8%b3%d8%a8%d9%88%d8%b9%d9%8a%d8%a9-%d8%aa%d8%b3%d8%b1%d9%8a-%d8%ad%d8%aa%d9%89-5-%d9%8a%d9%88%d9%84%d9%8a%d9%88-2022-%d8%a7%d9%84.html,5816809390.jpg,,,,,,,
https://www.alsoouq.com//uploads/2022/06/9326822741.jpg,3,عروض بنده الأسبوعية تسري حتى 5-يوليو-2022 الموافق 6-ذو الحجة-1443 لايفوتكم اليوم الأخير من عروض الصيف,https://www.alsoouq.com/saudi-arabia-offers/panda-offers/%d8%b9%d8%b1%d9%88%d8%b6-%d8%a8%d9%86%d8%af%d9%87-%d8%a7%d9%84%d8%a3%d8%b3%d8%a8%d9%88%d8%b9%d9%8a%d8%a9-%d8%aa%d8%b3%d8%b1%d9%8a-%d8%ad%d8%aa%d9%89-5-%d9%8a%d9%88%d9%84%d9%8a%d9%88-2022-%d8%a7%d9%84.html,9326822741.jpg,,,,,,,
https://www.alsoouq.com//uploads/2022/06/6380050891.jpg,3,عروض بنده الأسبوعية تسري حتى 5-يوليو-2022 الموافق 6-ذو الحجة-1443 لايفوتكم اليوم الأخير من عروض الصيف,https://www.alsoouq.com/saudi-arabia-offers/panda-offers/%d8%b9%d8%b1%d9%88%d8%b6-%d8%a8%d9%86%d8%af%d9%87-%d8%a7%d9%84%d8%a3%d8%b3%d8%a8%d9%88%d8%b9%d9%8a%d8%a9-%d8%aa%d8%b3%d8%b1%d9%8a-%d8%ad%d8%aa%d9%89-5-%d9%8a%d9%88%d9%84%d9%8a%d9%88-2022-%d8%a7%d9%84.html,6380050891.jpg,,,,,,,
https://www.alsoouq.com//uploads/2022/06/49055454.jpg,4,عروض بنده الأسبوعية تسري حتى 5-يوليو-2022 الموافق 6-ذو الحجة-1443 لايفوتكم اليوم الأخير من عروض الصيف,https://www.alsoouq.com/saudi-arabia-offers/panda-offers/%d8%b9%d8%b1%d9%88%d8%b6-%d8%a8%d9%86%d8%af%d9%87-%d8%a7%d9%84%d8%a3%d8%b3%d8%a8%d9%88%d8%b9%d9%8a%d8%a9-%d8%aa%d8%b3%d8%b1%d9%8a-%d8%ad%d8%aa%d9%89-5-%d9%8a%d9%88%d9%84%d9%8a%d9%88-2022-%d8%a7%d9%84.html,49055454.jpg,,,,,,,
https://www.alsoouq.com//uploads/2022/06/1378950237.jpg,4,عروض بنده الأسبوعية تسري حتى 5-يوليو-2022 الموافق 6-ذو الحجة-1443 لايفوتكم اليوم الأخير من عروض الصيف,https://www.alsoouq.com/saudi-arabia-offers/panda-offers/%d8%b9%d8%b1%d9%88%d8%b6-%d8%a8%d9%86%d8%af%d9%87-%d8%a7%d9%84%d8%a3%d8%b3%d8%a8%d9%88%d8%b9%d9%8a%d8%a9-%d8%aa%d8%b3%d8%b1%d9%8a-%d8%ad%d8%aa%d9%89-5-%d9%8a%d9%88%d9%84%d9%8a%d9%88-2022-%d8%a7%d9%84.html,1378950237.jpg,,,,,,,
https://www.alsoouq.com//uploads/2022/06/5264372336.jpg,4,عروض بنده الأسبوعية تسري حتى 5-يوليو-2022 الموافق 6-ذو الحجة-1443 لايفوتكم اليوم الأخير من عروض الصيف,https://www.alsoouq.com/saudi-arabia-offers/panda-offers/%d8%b9%d8%b1%d9%88%d8%b6-%d8%a8%d9%86%d8%af%d9%87-%d8%a7%d9%84%d8%a3%d8%b3%d8%a8%d9%88%d8%b9%d9%8a%d8%a9-%d8%aa%d8%b3%d8%b1%d9%8a-%d8%ad%d8%aa%d9%89-5-%d9%8a%d9%88%d9%84%d9%8a%d9%88-2022-%d8%a7%d9%84.html,5264372336.jpg,,,,,,,
https://www.alsoouq.com//uploads/2022/06/4374322772.jpg,4,عروض بنده الأسبوعية تسري حتى 5-يوليو-2022 الموافق 6-ذو الحجة-1443 لايفوتكم اليوم الأخير من عروض الصيف,https://www.alsoouq.com/saudi-arabia-offers/panda-offers/%d8%b9%d8%b1%d9%88%d8%b6-%d8%a8%d9%86%d8%af%d9%87-%d8%a7%d9%84%d8%a3%d8%b3%d8%a8%d9%88%d8%b9%d9%8a%d8%a9-%d8%aa%d8%b3%d8%b1%d9%8a-%d8%ad%d8%aa%d9%89-5-%d9%8a%d9%88%d9%84%d9%8a%d9%88-2022-%d8%a7%d9%84.html,4374322772.jpg,,,,,,,
https://www.alsoouq.com//uploads/2022/06/1807526898.jpg,5,عروض بنده الأسبوعية تسري حتى 5-يوليو-2022 الموافق 6-ذو الحجة-1443 لايفوتكم اليوم الأخير من عروض الصيف,https://www.alsoouq.com/saudi-arabia-offers/panda-offers/%d8%b9%d8%b1%d9%88%d8%b6-%d8%a8%d9%86%d8%af%d9%87-%d8%a7%d9%84%d8%a3%d8%b3%d8%a8%d9%88%d8%b9%d9%8a%d8%a9-%d8%aa%d8%b3%d8%b1%d9%8a-%d8%ad%d8%aa%d9%89-5-%d9%8a%d9%88%d9%84%d9%8a%d9%88-2022-%d8%a7%d9%84.html,1807526898.jpg,,,,,,,
https://www.alsoouq.com//uploads/2022/06/8182670004.jpg,5,عروض بنده الأسبوعية تسري حتى 5-يوليو-2022 الموافق 6-ذو الحجة-1443 لايفوتكم اليوم الأخير من عروض الصيف,https://www.alsoouq.com/saudi-arabia-offers/panda-offers/%d8%b9%d8%b1%d9%88%d8%b6-%d8%a8%d9%86%d8%af%d9%87-%d8%a7%d9%84%d8%a3%d8%b3%d8%a8%d9%88%d8%b9%d9%8a%d8%a9-%d8%aa%d8%b3%d8%b1%d9%8a-%d8%ad%d8%aa%d9%89-5-%d9%8a%d9%88%d9%84%d9%8a%d9%88-2022-%d8%a7%d9%84.html,8182670004.jpg,,,,,,,
https://www.alsoouq.com//uploads/2022/06/5698414096.jpg,5,عروض بنده الأسبوعية تسري حتى 5-يوليو-2022 الموافق 6-ذو الحجة-1443 لايفوتكم اليوم الأخير من عروض الصيف,https://www.alsoouq.com/saudi-arabia-offers/panda-offers/%d8%b9%d8%b1%d9%88%d8%b6-%d8%a8%d9%86%d8%af%d9%87-%d8%a7%d9%84%d8%a3%d8%b3%d8%a8%d9%88%d8%b9%d9%8a%d8%a9-%d8%aa%d8%b3%d8%b1%d9%8a-%d8%ad%d8%aa%d9%89-5-%d9%8a%d9%88%d9%84%d9%8a%d9%88-2022-%d8%a7%d9%84.html,5698414096.jpg,,,,,,,
https://www.alsoouq.com//uploads/2022/06/3254080958.jpg,5,عروض بنده الأسبوعية تسري حتى 5-يوليو-2022 الموافق 6-ذو الحجة-1443 لايفوتكم اليوم الأخير من عروض الصيف,https://www.alsoouq.com/saudi-arabia-offers/panda-offers/%d8%b9%d8%b1%d9%88%d8%b6-%d8%a8%d9%86%d8%af%d9%87-%d8%a7%d9%84%d8%a3%d8%b3%d8%a8%d9%88%d8%b9%d9%8a%d8%a9-%d8%aa%d8%b3%d8%b1%d9%8a-%d8%ad%d8%aa%d9%89-5-%d9%8a%d9%88%d9%84%d9%8a%d9%88-2022-%d8%a7%d9%84.html,3254080958.jpg,,,,,,,
https://www.alsoouq.com//uploads/2022/06/8765905286.jpg,5,عروض بنده الأسبوعية تسري حتى 5-يوليو-2022 الموافق 6-ذو الحجة-1443 لايفوتكم اليوم الأخير من عروض الصيف,https://www.alsoouq.com/saudi-arabia-offers/panda-offers/%d8%b9%d8%b1%d9%88%d8%b6-%d8%a8%d9%86%d8%af%d9%87-%d8%a7%d9%84%d8%a3%d8%b3%d8%a8%d9%88%d8%b9%d9%8a%d8%a9-%d8%aa%d8%b3%d8%b1%d9%8a-%d8%ad%d8%aa%d9%89-5-%d9%8a%d9%88%d9%84%d9%8a%d9%88-2022-%d8%a7%d9%84.html,8765905286.jpg,,,,,,,
https://www.alsoouq.com//uploads/2022/06/9800200830.jpg,5,عروض بنده الأسبوعية تسري حتى 5-يوليو-2022 الموافق 6-ذو الحجة-1443 لايفوتكم اليوم الأخير من عروض الصيف,https://www.alsoouq.com/saudi-arabia-offers/panda-offers/%d8%b9%d8%b1%d9%88%d8%b6-%d8%a8%d9%86%d8%af%d9%87-%d8%a7%d9%84%d8%a3%d8%b3%d8%a8%d9%88%d8%b9%d9%8a%d8%a9-%d8%aa%d8%b3%d8%b1%d9%8a-%d8%ad%d8%aa%d9%89-5-%d9%8a%d9%88%d9%84%d9%8a%d9%88-2022-%d8%a7%d9%84.html,9800200830.jpg,,,,,,,
https://www.alsoouq.com//uploads/2022/06/7140649242.jpg,5,عروض بنده الأسبوعية تسري حتى 5-يوليو-2022 الموافق 6-ذو الحجة-1443 لايفوتكم اليوم الأخير من عروض الصيف,https://www.alsoouq.com/saudi-arabia-offers/panda-offers/%d8%b9%d8%b1%d9%88%d8%b6-%d8%a8%d9%86%d8%af%d9%87-%d8%a7%d9%84%d8%a3%d8%b3%d8%a8%d9%88%d8%b9%d9%8a%d8%a9-%d8%aa%d8%b3%d8%b1%d9%8a-%d8%ad%d8%aa%d9%89-5-%d9%8a%d9%88%d9%84%d9%8a%d9%88-2022-%d8%a7%d9%84.html,7140649242.jpg,,,,,,,
https://www.alsoouq.com//uploads/2022/06/7321681804.jpg,5,عروض بنده الأسبوعية تسري حتى 5-يوليو-2022 الموافق 6-ذو الحجة-1443 لايفوتكم اليوم الأخير من عروض الصيف,https://www.alsoouq.com/saudi-arabia-offers/panda-offers/%d8%b9%d8%b1%d9%88%d8%b6-%d8%a8%d9%86%d8%af%d9%87-%d8%a7%d9%84%d8%a3%d8%b3%d8%a8%d9%88%d8%b9%d9%8a%d8%a9-%d8%aa%d8%b3%d8%b1%d9%8a-%d8%ad%d8%aa%d9%89-5-%d9%8a%d9%88%d9%84%d9%8a%d9%88-2022-%d8%a7%d9%84.html,7321681804.jpg,,,,,,,
https://www.alsoouq.com//uploads/2022/06/4830008023.jpg,6,عروض بنده الأسبوعية تسري حتى 5-يوليو-2022 الموافق 6-ذو الحجة-1443 لايفوتكم اليوم الأخير من عروض الصيف,https://www.alsoouq.com/saudi-arabia-offers/panda-offers/%d8%b9%d8%b1%d9%88%d8%b6-%d8%a8%d9%86%d8%af%d9%87-%d8%a7%d9%84%d8%a3%d8%b3%d8%a8%d9%88%d8%b9%d9%8a%d8%a9-%d8%aa%d8%b3%d8%b1%d9%8a-%d8%ad%d8%aa%d9%89-5-%d9%8a%d9%88%d9%84%d9%8a%d9%88-2022-%d8%a7%d9%84.html,4830008023.jpg,,,,,,,
https://www.alsoouq.com//uploads/2022/06/2290353204.jpg,6,عروض بنده الأسبوعية تسري حتى 5-يوليو-2022 الموافق 6-ذو الحجة-1443 لايفوتكم اليوم الأخير من عروض الصيف,https://www.alsoouq.com/saudi-arabia-offers/panda-offers/%d8%b9%d8%b1%d9%88%d8%b6-%d8%a8%d9%86%d8%af%d9%87-%d8%a7%d9%84%d8%a3%d8%b3%d8%a8%d9%88%d8%b9%d9%8a%d8%a9-%d8%aa%d8%b3%d8%b1%d9%8a-%d8%ad%d8%aa%d9%89-5-%d9%8a%d9%88%d9%84%d9%8a%d9%88-2022-%d8%a7%d9%84.html,2290353204.jpg,,,,,,,
https://www.alsoouq.com//uploads/2022/06/2725688249.jpg,6,عروض بنده الأسبوعية تسري حتى 5-يوليو-2022 الموافق 6-ذو الحجة-1443 لايفوتكم اليوم الأخير من عروض الصيف,https://www.alsoouq.com/saudi-arabia-offers/panda-offers/%d8%b9%d8%b1%d9%88%d8%b6-%d8%a8%d9%86%d8%af%d9%87-%d8%a7%d9%84%d8%a3%d8%b3%d8%a8%d9%88%d8%b9%d9%8a%d8%a9-%d8%aa%d8%b3%d8%b1%d9%8a-%d8%ad%d8%aa%d9%89-5-%d9%8a%d9%88%d9%84%d9%8a%d9%88-2022-%d8%a7%d9%84.html,2725688249.jpg,,,,,,,
https://www.alsoouq.com//uploads/2022/06/3244306623.jpg,6,عروض بنده الأسبوعية تسري حتى 5-يوليو-2022 الموافق 6-ذو الحجة-1443 لايفوتكم اليوم الأخير من عروض الصيف,https://www.alsoouq.com/saudi-arabia-offers/panda-offers/%d8%b9%d8%b1%d9%88%d8%b6-%d8%a8%d9%86%d8%af%d9%87-%d8%a7%d9%84%d8%a3%d8%b3%d8%a8%d9%88%d8%b9%d9%8a%d8%a9-%d8%aa%d8%b3%d8%b1%d9%8a-%d8%ad%d8%aa%d9%89-5-%d9%8a%d9%88%d9%84%d9%8a%d9%88-2022-%d8%a7%d9%84.html,3244306623.jpg,,,,,,,
https://www.alsoouq.com//uploads/2022/06/8779373563.jpg,7,عروض بنده الأسبوعية تسري حتى 5-يوليو-2022 الموافق 6-ذو الحجة-1443 لايفوتكم اليوم الأخير من عروض الصيف,https://www.alsoouq.com/saudi-arabia-offers/panda-offers/%d8%b9%d8%b1%d9%88%d8%b6-%d8%a8%d9%86%d8%af%d9%87-%d8%a7%d9%84%d8%a3%d8%b3%d8%a8%d9%88%d8%b9%d9%8a%d8%a9-%d8%aa%d8%b3%d8%b1%d9%8a-%d8%ad%d8%aa%d9%89-5-%d9%8a%d9%88%d9%84%d9%8a%d9%88-2022-%d8%a7%d9%84.html,8779373563.jpg,,,,,,,
https://www.alsoouq.com//uploads/2022/06/7415920660.jpg,7,عروض بنده الأسبوعية تسري حتى 5-يوليو-2022 الموافق 6-ذو الحجة-1443 لايفوتكم اليوم الأخير من عروض الصيف,https://www.alsoouq.com/saudi-arabia-offers/panda-offers/%d8%b9%d8%b1%d9%88%d8%b6-%d8%a8%d9%86%d8%af%d9%87-%d8%a7%d9%84%d8%a3%d8%b3%d8%a8%d9%88%d8%b9%d9%8a%d8%a9-%d8%aa%d8%b3%d8%b1%d9%8a-%d8%ad%d8%aa%d9%89-5-%d9%8a%d9%88%d9%84%d9%8a%d9%88-2022-%d8%a7%d9%84.html,7415920660.jpg,,,,,,,
https://www.alsoouq.com//uploads/2022/06/4353880558.jpg,7,عروض بنده الأسبوعية تسري حتى 5-يوليو-2022 الموافق 6-ذو الحجة-1443 لايفوتكم اليوم الأخير من عروض الصيف,https://www.alsoouq.com/saudi-arabia-offers/panda-offers/%d8%b9%d8%b1%d9%88%d8%b6-%d8%a8%d9%86%d8%af%d9%87-%d8%a7%d9%84%d8%a3%d8%b3%d8%a8%d9%88%d8%b9%d9%8a%d8%a9-%d8%aa%d8%b3%d8%b1%d9%8a-%d8%ad%d8%aa%d9%89-5-%d9%8a%d9%88%d9%84%d9%8a%d9%88-2022-%d8%a7%d9%84.html,4353880558.jpg,,,,,,,
https://www.alsoouq.com//uploads/2022/06/9796982020.jpg,7,عروض بنده الأسبوعية تسري حتى 5-يوليو-2022 الموافق 6-ذو الحجة-1443 لايفوتكم اليوم الأخير من عروض الصيف,https://www.alsoouq.com/saudi-arabia-offers/panda-offers/%d8%b9%d8%b1%d9%88%d8%b6-%d8%a8%d9%86%d8%af%d9%87-%d8%a7%d9%84%d8%a3%d8%b3%d8%a8%d9%88%d8%b9%d9%8a%d8%a9-%d8%aa%d8%b3%d8%b1%d9%8a-%d8%ad%d8%aa%d9%89-5-%d9%8a%d9%88%d9%84%d9%8a%d9%88-2022-%d8%a7%d9%84.html,9796982020.jpg,,,,,,,
https://www.alsoouq.com//uploads/2022/06/6931973198.jpg,8,عروض بنده الأسبوعية تسري حتى 5-يوليو-2022 الموافق 6-ذو الحجة-1443 لايفوتكم اليوم الأخير من عروض الصيف,https://www.alsoouq.com/saudi-arabia-offers/panda-offers/%d8%b9%d8%b1%d9%88%d8%b6-%d8%a8%d9%86%d8%af%d9%87-%d8%a7%d9%84%d8%a3%d8%b3%d8%a8%d9%88%d8%b9%d9%8a%d8%a9-%d8%aa%d8%b3%d8%b1%d9%8a-%d8%ad%d8%aa%d9%89-5-%d9%8a%d9%88%d9%84%d9%8a%d9%88-2022-%d8%a7%d9%84.html,6931973198.jpg,,,,,,,
https://www.alsoouq.com//uploads/2022/06/6010898037.jpg,8,عروض بنده الأسبوعية تسري حتى 5-يوليو-2022 الموافق 6-ذو الحجة-1443 لايفوتكم اليوم الأخير من عروض الصيف,https://www.alsoouq.com/saudi-arabia-offers/panda-offers/%d8%b9%d8%b1%d9%88%d8%b6-%d8%a8%d9%86%d8%af%d9%87-%d8%a7%d9%84%d8%a3%d8%b3%d8%a8%d9%88%d8%b9%d9%8a%d8%a9-%d8%aa%d8%b3%d8%b1%d9%8a-%d8%ad%d8%aa%d9%89-5-%d9%8a%d9%88%d9%84%d9%8a%d9%88-2022-%d8%a7%d9%84.html,6010898037.jpg,,,,,,,
https://www.alsoouq.com//uploads/2022/06/455588239.jpg,8,عروض بنده الأسبوعية تسري حتى 5-يوليو-2022 الموافق 6-ذو الحجة-1443 لايفوتكم اليوم الأخير من عروض الصيف,https://www.alsoouq.com/saudi-arabia-offers/panda-offers/%d8%b9%d8%b1%d9%88%d8%b6-%d8%a8%d9%86%d8%af%d9%87-%d8%a7%d9%84%d8%a3%d8%b3%d8%a8%d9%88%d8%b9%d9%8a%d8%a9-%d8%aa%d8%b3%d8%b1%d9%8a-%d8%ad%d8%aa%d9%89-5-%d9%8a%d9%88%d9%84%d9%8a%d9%88-2022-%d8%a7%d9%84.html,455588239.jpg,,,,,,,
https://www.alsoouq.com//uploads/2022/06/6361131349.jpg,8,عروض بنده الأسبوعية تسري حتى 5-يوليو-2022 الموافق 6-ذو الحجة-1443 لايفوتكم اليوم الأخير من عروض الصيف,https://www.alsoouq.com/saudi-arabia-offers/panda-offers/%d8%b9%d8%b1%d9%88%d8%b6-%d8%a8%d9%86%d8%af%d9%87-%d8%a7%d9%84%d8%a3%d8%b3%d8%a8%d9%88%d8%b9%d9%8a%d8%a9-%d8%aa%d8%b3%d8%b1%d9%8a-%d8%ad%d8%aa%d9%89-5-%d9%8a%d9%88%d9%84%d9%8a%d9%88-2022-%d8%a7%d9%84.html,6361131349.jpg,,,,,,,
https://www.alsoouq.com//uploads/2022/06/4411940644.jpg,9,عروض بنده الأسبوعية تسري حتى 5-يوليو-2022 الموافق 6-ذو الحجة-1443 لايفوتكم اليوم الأخير من عروض الصيف,https://www.alsoouq.com/saudi-arabia-offers/panda-offers/%d8%b9%d8%b1%d9%88%d8%b6-%d8%a8%d9%86%d8%af%d9%87-%d8%a7%d9%84%d8%a3%d8%b3%d8%a8%d9%88%d8%b9%d9%8a%d8%a9-%d8%aa%d8%b3%d8%b1%d9%8a-%d8%ad%d8%aa%d9%89-5-%d9%8a%d9%88%d9%84%d9%8a%d9%88-2022-%d8%a7%d9%84.html,4411940644.jpg,,,,,,,
https://www.alsoouq.com//uploads/2022/06/758043219.jpg,9,عروض بنده الأسبوعية تسري حتى 5-يوليو-2022 الموافق 6-ذو الحجة-1443 لايفوتكم اليوم الأخير من عروض الصيف,https://www.alsoouq.com/saudi-arabia-offers/panda-offers/%d8%b9%d8%b1%d9%88%d8%b6-%d8%a8%d9%86%d8%af%d9%87-%d8%a7%d9%84%d8%a3%d8%b3%d8%a8%d9%88%d8%b9%d9%8a%d8%a9-%d8%aa%d8%b3%d8%b1%d9%8a-%d8%ad%d8%aa%d9%89-5-%d9%8a%d9%88%d9%84%d9%8a%d9%88-2022-%d8%a7%d9%84.html,758043219.jpg,,,,,,,
https://www.alsoouq.com//uploads/2022/06/9514235396.jpg,9,عروض بنده الأسبوعية تسري حتى 5-يوليو-2022 الموافق 6-ذو الحجة-1443 لايفوتكم اليوم الأخير من عروض الصيف,https://www.alsoouq.com/saudi-arabia-offers/panda-offers/%d8%b9%d8%b1%d9%88%d8%b6-%d8%a8%d9%86%d8%af%d9%87-%d8%a7%d9%84%d8%a3%d8%b3%d8%a8%d9%88%d8%b9%d9%8a%d8%a9-%d8%aa%d8%b3%d8%b1%d9%8a-%d8%ad%d8%aa%d9%89-5-%d9%8a%d9%88%d9%84%d9%8a%d9%88-2022-%d8%a7%d9%84.html,9514235396.jpg,,,,,,,
https://www.alsoouq.com//uploads/2022/06/6553779027.jpg,9,عروض بنده الأسبوعية تسري حتى 5-يوليو-2022 الموافق 6-ذو الحجة-1443 لايفوتكم اليوم الأخير من عروض الصيف,https://www.alsoouq.com/saudi-arabia-offers/panda-offers/%d8%b9%d8%b1%d9%88%d8%b6-%d8%a8%d9%86%d8%af%d9%87-%d8%a7%d9%84%d8%a3%d8%b3%d8%a8%d9%88%d8%b9%d9%8a%d8%a9-%d8%aa%d8%b3%d8%b1%d9%8a-%d8%ad%d8%aa%d9%89-5-%d9%8a%d9%88%d9%84%d9%8a%d9%88-2022-%d8%a7%d9%84.html,6553779027.jpg,,,,,,,
https://www.alsoouq.com//uploads/2022/06/6494624820.jpg,9,عروض بنده الأسبوعية تسري حتى 5-يوليو-2022 الموافق 6-ذو الحجة-1443 لايفوتكم اليوم الأخير من عروض الصيف,https://www.alsoouq.com/saudi-arabia-offers/panda-offers/%d8%b9%d8%b1%d9%88%d8%b6-%d8%a8%d9%86%d8%af%d9%87-%d8%a7%d9%84%d8%a3%d8%b3%d8%a8%d9%88%d8%b9%d9%8a%d8%a9-%d8%aa%d8%b3%d8%b1%d9%8a-%d8%ad%d8%aa%d9%89-5-%d9%8a%d9%88%d9%84%d9%8a%d9%88-2022-%d8%a7%d9%84.html,6494624820.jpg,,,,,,,
https://www.alsoouq.com//uploads/2022/06/5105577097.jpg,9,عروض بنده الأسبوعية تسري حتى 5-يوليو-2022 الموافق 6-ذو الحجة-1443 لايفوتكم اليوم الأخير من عروض الصيف,https://www.alsoouq.com/saudi-arabia-offers/panda-offers/%d8%b9%d8%b1%d9%88%d8%b6-%d8%a8%d9%86%d8%af%d9%87-%d8%a7%d9%84%d8%a3%d8%b3%d8%a8%d9%88%d8%b9%d9%8a%d8%a9-%d8%aa%d8%b3%d8%b1%d9%8a-%d8%ad%d8%aa%d9%89-5-%d9%8a%d9%88%d9%84%d9%8a%d9%88-2022-%d8%a7%d9%84.html,5105577097.jpg,,,,,,,
https://www.alsoouq.com//uploads/2022/06/8297115764.jpg,9,عروض بنده الأسبوعية تسري حتى 5-يوليو-2022 الموافق 6-ذو الحجة-1443 لايفوتكم اليوم الأخير من عروض الصيف,https://www.alsoouq.com/saudi-arabia-offers/panda-offers/%d8%b9%d8%b1%d9%88%d8%b6-%d8%a8%d9%86%d8%af%d9%87-%d8%a7%d9%84%d8%a3%d8%b3%d8%a8%d9%88%d8%b9%d9%8a%d8%a9-%d8%aa%d8%b3%d8%b1%d9%8a-%d8%ad%d8%aa%d9%89-5-%d9%8a%d9%88%d9%84%d9%8a%d9%88-2022-%d8%a7%d9%84.html,8297115764.jpg,,,,,,,
https://www.alsoouq.com//uploads/2022/06/2257751597.jpg,9,عروض بنده الأسبوعية تسري حتى 5-يوليو-2022 الموافق 6-ذو الحجة-1443 لايفوتكم اليوم الأخير من عروض الصيف,https://www.alsoouq.com/saudi-arabia-offers/panda-offers/%d8%b9%d8%b1%d9%88%d8%b6-%d8%a8%d9%86%d8%af%d9%87-%d8%a7%d9%84%d8%a3%d8%b3%d8%a8%d9%88%d8%b9%d9%8a%d8%a9-%d8%aa%d8%b3%d8%b1%d9%8a-%d8%ad%d8%aa%d9%89-5-%d9%8a%d9%88%d9%84%d9%8a%d9%88-2022-%d8%a7%d9%84.html,2257751597.jpg,,,,,,,
https://www.alsoouq.com//uploads/2022/06/3621608116.jpg,10,عروض بنده الأسبوعية تسري حتى 5-يوليو-2022 الموافق 6-ذو الحجة-1443 لايفوتكم اليوم الأخير من عروض الصيف,https://www.alsoouq.com/saudi-arabia-offers/panda-offers/%d8%b9%d8%b1%d9%88%d8%b6-%d8%a8%d9%86%d8%af%d9%87-%d8%a7%d9%84%d8%a3%d8%b3%d8%a8%d9%88%d8%b9%d9%8a%d8%a9-%d8%aa%d8%b3%d8%b1%d9%8a-%d8%ad%d8%aa%d9%89-5-%d9%8a%d9%88%d9%84%d9%8a%d9%88-2022-%d8%a7%d9%84.html,3621608116.jpg,,,,,,,
https://www.alsoouq.com//uploads/2022/06/970192617.jpg,10,عروض بنده الأسبوعية تسري حتى 5-يوليو-2022 الموافق 6-ذو الحجة-1443 لايفوتكم اليوم الأخير من عروض الصيف,https://www.alsoouq.com/saudi-arabia-offers/panda-offers/%d8%b9%d8%b1%d9%88%d8%b6-%d8%a8%d9%86%d8%af%d9%87-%d8%a7%d9%84%d8%a3%d8%b3%d8%a8%d9%88%d8%b9%d9%8a%d8%a9-%d8%aa%d8%b3%d8%b1%d9%8a-%d8%ad%d8%aa%d9%89-5-%d9%8a%d9%88%d9%84%d9%8a%d9%88-2022-%d8%a7%d9%84.html,970192617.jpg,,,,,,,
https://www.alsoouq.com//uploads/2022/06/9798588175.jpg,10,عروض بنده الأسبوعية تسري حتى 5-يوليو-2022 الموافق 6-ذو الحجة-1443 لايفوتكم اليوم الأخير من عروض الصيف,https://www.alsoouq.com/saudi-arabia-offers/panda-offers/%d8%b9%d8%b1%d9%88%d8%b6-%d8%a8%d9%86%d8%af%d9%87-%d8%a7%d9%84%d8%a3%d8%b3%d8%a8%d9%88%d8%b9%d9%8a%d8%a9-%d8%aa%d8%b3%d8%b1%d9%8a-%d8%ad%d8%aa%d9%89-5-%d9%8a%d9%88%d9%84%d9%8a%d9%88-2022-%d8%a7%d9%84.html,9798588175.jpg,,,,,,,
https://www.alsoouq.com//uploads/2022/06/2682219170.jpg,10,عروض بنده الأسبوعية تسري حتى 5-يوليو-2022 الموافق 6-ذو الحجة-1443 لايفوتكم اليوم الأخير من عروض الصيف,https://www.alsoouq.com/saudi-arabia-offers/panda-offers/%d8%b9%d8%b1%d9%88%d8%b6-%d8%a8%d9%86%d8%af%d9%87-%d8%a7%d9%84%d8%a3%d8%b3%d8%a8%d9%88%d8%b9%d9%8a%d8%a9-%d8%aa%d8%b3%d8%b1%d9%8a-%d8%ad%d8%aa%d9%89-5-%d9%8a%d9%88%d9%84%d9%8a%d9%88-2022-%d8%a7%d9%84.html,2682219170.jpg,,,,,,,
https://www.alsoouq.com//uploads/2022/06/1086191071.jpg,11,عروض بنده الأسبوعية تسري حتى 5-يوليو-2022 الموافق 6-ذو الحجة-1443 لايفوتكم اليوم الأخير من عروض الصيف,https://www.alsoouq.com/saudi-arabia-offers/panda-offers/%d8%b9%d8%b1%d9%88%d8%b6-%d8%a8%d9%86%d8%af%d9%87-%d8%a7%d9%84%d8%a3%d8%b3%d8%a8%d9%88%d8%b9%d9%8a%d8%a9-%d8%aa%d8%b3%d8%b1%d9%8a-%d8%ad%d8%aa%d9%89-5-%d9%8a%d9%88%d9%84%d9%8a%d9%88-2022-%d8%a7%d9%84.html,1086191071.jpg,,,,,,,
https://www.alsoouq.com//uploads/2022/06/4654864035.jpg,11,عروض بنده الأسبوعية تسري حتى 5-يوليو-2022 الموافق 6-ذو الحجة-1443 لايفوتكم اليوم الأخير من عروض الصيف,https://www.alsoouq.com/saudi-arabia-offers/panda-offers/%d8%b9%d8%b1%d9%88%d8%b6-%d8%a8%d9%86%d8%af%d9%87-%d8%a7%d9%84%d8%a3%d8%b3%d8%a8%d9%88%d8%b9%d9%8a%d8%a9-%d8%aa%d8%b3%d8%b1%d9%8a-%d8%ad%d8%aa%d9%89-5-%d9%8a%d9%88%d9%84%d9%8a%d9%88-2022-%d8%a7%d9%84.html,4654864035.jpg,,,,,,,
https://www.alsoouq.com//uploads/2022/06/3911846938.jpg,11,عروض بنده الأسبوعية تسري حتى 5-يوليو-2022 الموافق 6-ذو الحجة-1443 لايفوتكم اليوم الأخير من عروض الصيف,https://www.alsoouq.com/saudi-arabia-offers/panda-offers/%d8%b9%d8%b1%d9%88%d8%b6-%d8%a8%d9%86%d8%af%d9%87-%d8%a7%d9%84%d8%a3%d8%b3%d8%a8%d9%88%d8%b9%d9%8a%d8%a9-%d8%aa%d8%b3%d8%b1%d9%8a-%d8%ad%d8%aa%d9%89-5-%d9%8a%d9%88%d9%84%d9%8a%d9%88-2022-%d8%a7%d9%84.html,3911846938.jpg,,,,,,,
https://www.alsoouq.com//uploads/2022/06/8178726718.jpg,11,عروض بنده الأسبوعية تسري حتى 5-يوليو-2022 الموافق 6-ذو الحجة-1443 لايفوتكم اليوم الأخير من عروض الصيف,https://www.alsoouq.com/saudi-arabia-offers/panda-offers/%d8%b9%d8%b1%d9%88%d8%b6-%d8%a8%d9%86%d8%af%d9%87-%d8%a7%d9%84%d8%a3%d8%b3%d8%a8%d9%88%d8%b9%d9%8a%d8%a9-%d8%aa%d8%b3%d8%b1%d9%8a-%d8%ad%d8%aa%d9%89-5-%d9%8a%d9%88%d9%84%d9%8a%d9%88-2022-%d8%a7%d9%84.html,8178726718.jpg,,,,,,,
https://www.alsoouq.com//uploads/2022/06/5975013269.jpg,12,عروض بنده الأسبوعية تسري حتى 5-يوليو-2022 الموافق 6-ذو الحجة-1443 لايفوتكم اليوم الأخير من عروض الصيف,https://www.alsoouq.com/saudi-arabia-offers/panda-offers/%d8%b9%d8%b1%d9%88%d8%b6-%d8%a8%d9%86%d8%af%d9%87-%d8%a7%d9%84%d8%a3%d8%b3%d8%a8%d9%88%d8%b9%d9%8a%d8%a9-%d8%aa%d8%b3%d8%b1%d9%8a-%d8%ad%d8%aa%d9%89-5-%d9%8a%d9%88%d9%84%d9%8a%d9%88-2022-%d8%a7%d9%84.html,5975013269.jpg,,,,,,,
https://www.alsoouq.com//uploads/2022/06/1829959439.jpg,12,عروض بنده الأسبوعية تسري حتى 5-يوليو-2022 الموافق 6-ذو الحجة-1443 لايفوتكم اليوم الأخير من عروض الصيف,https://www.alsoouq.com/saudi-arabia-offers/panda-offers/%d8%b9%d8%b1%d9%88%d8%b6-%d8%a8%d9%86%d8%af%d9%87-%d8%a7%d9%84%d8%a3%d8%b3%d8%a8%d9%88%d8%b9%d9%8a%d8%a9-%d8%aa%d8%b3%d8%b1%d9%8a-%d8%ad%d8%aa%d9%89-5-%d9%8a%d9%88%d9%84%d9%8a%d9%88-2022-%d8%a7%d9%84.html,1829959439.jpg,,,,,,,
https://www.alsoouq.com//uploads/2022/06/1558052609.jpg,12,عروض بنده الأسبوعية تسري حتى 5-يوليو-2022 الموافق 6-ذو الحجة-1443 لايفوتكم اليوم الأخير من عروض الصيف,https://www.alsoouq.com/saudi-arabia-offers/panda-offers/%d8%b9%d8%b1%d9%88%d8%b6-%d8%a8%d9%86%d8%af%d9%87-%d8%a7%d9%84%d8%a3%d8%b3%d8%a8%d9%88%d8%b9%d9%8a%d8%a9-%d8%aa%d8%b3%d8%b1%d9%8a-%d8%ad%d8%aa%d9%89-5-%d9%8a%d9%88%d9%84%d9%8a%d9%88-2022-%d8%a7%d9%84.html,1558052609.jpg,,,,,,,
https://www.alsoouq.com//uploads/2022/06/6932935520.jpg,12,عروض بنده الأسبوعية تسري حتى 5-يوليو-2022 الموافق 6-ذو الحجة-1443 لايفوتكم اليوم الأخير من عروض الصيف,https://www.alsoouq.com/saudi-arabia-offers/panda-offers/%d8%b9%d8%b1%d9%88%d8%b6-%d8%a8%d9%86%d8%af%d9%87-%d8%a7%d9%84%d8%a3%d8%b3%d8%a8%d9%88%d8%b9%d9%8a%d8%a9-%d8%aa%d8%b3%d8%b1%d9%8a-%d8%ad%d8%aa%d9%89-5-%d9%8a%d9%88%d9%84%d9%8a%d9%88-2022-%d8%a7%d9%84.html,6932935520.jpg,,,,,,,
https://www.alsoouq.com//uploads/2022/06/1121652035.jpg,13,عروض بنده الأسبوعية تسري حتى 5-يوليو-2022 الموافق 6-ذو الحجة-1443 لايفوتكم اليوم الأخير من عروض الصيف,https://www.alsoouq.com/saudi-arabia-offers/panda-offers/%d8%b9%d8%b1%d9%88%d8%b6-%d8%a8%d9%86%d8%af%d9%87-%d8%a7%d9%84%d8%a3%d8%b3%d8%a8%d9%88%d8%b9%d9%8a%d8%a9-%d8%aa%d8%b3%d8%b1%d9%8a-%d8%ad%d8%aa%d9%89-5-%d9%8a%d9%88%d9%84%d9%8a%d9%88-2022-%d8%a7%d9%84.html,1121652035.jpg,,,,,,,
https://www.alsoouq.com//uploads/2022/06/1302720323.jpg,13,عروض بنده الأسبوعية تسري حتى 5-يوليو-2022 الموافق 6-ذو الحجة-1443 لايفوتكم اليوم الأخير من عروض الصيف,https://www.alsoouq.com/saudi-arabia-offers/panda-offers/%d8%b9%d8%b1%d9%88%d8%b6-%d8%a8%d9%86%d8%af%d9%87-%d8%a7%d9%84%d8%a3%d8%b3%d8%a8%d9%88%d8%b9%d9%8a%d8%a9-%d8%aa%d8%b3%d8%b1%d9%8a-%d8%ad%d8%aa%d9%89-5-%d9%8a%d9%88%d9%84%d9%8a%d9%88-2022-%d8%a7%d9%84.html,1302720323.jpg,,,,,,,
https://www.alsoouq.com//uploads/2022/06/4305050896.jpg,13,عروض بنده الأسبوعية تسري حتى 5-يوليو-2022 الموافق 6-ذو الحجة-1443 لايفوتكم اليوم الأخير من عروض الصيف,https://www.alsoouq.com/saudi-arabia-offers/panda-offers/%d8%b9%d8%b1%d9%88%d8%b6-%d8%a8%d9%86%d8%af%d9%87-%d8%a7%d9%84%d8%a3%d8%b3%d8%a8%d9%88%d8%b9%d9%8a%d8%a9-%d8%aa%d8%b3%d8%b1%d9%8a-%d8%ad%d8%aa%d9%89-5-%d9%8a%d9%88%d9%84%d9%8a%d9%88-2022-%d8%a7%d9%84.html,4305050896.jpg,,,,,,,
https://www.alsoouq.com//uploads/2022/06/2245101991.jpg,13,عروض بنده الأسبوعية تسري حتى 5-يوليو-2022 الموافق 6-ذو الحجة-1443 لايفوتكم اليوم الأخير من عروض الصيف,https://www.alsoouq.com/saudi-arabia-offers/panda-offers/%d8%b9%d8%b1%d9%88%d8%b6-%d8%a8%d9%86%d8%af%d9%87-%d8%a7%d9%84%d8%a3%d8%b3%d8%a8%d9%88%d8%b9%d9%8a%d8%a9-%d8%aa%d8%b3%d8%b1%d9%8a-%d8%ad%d8%aa%d9%89-5-%d9%8a%d9%88%d9%84%d9%8a%d9%88-2022-%d8%a7%d9%84.html,2245101991.jpg,,,,,,,
https://www.alsoouq.com//uploads/2022/06/2912843009.jpg,13,عروض بنده الأسبوعية تسري حتى 5-يوليو-2022 الموافق 6-ذو الحجة-1443 لايفوتكم اليوم الأخير من عروض الصيف,https://www.alsoouq.com/saudi-arabia-offers/panda-offers/%d8%b9%d8%b1%d9%88%d8%b6-%d8%a8%d9%86%d8%af%d9%87-%d8%a7%d9%84%d8%a3%d8%b3%d8%a8%d9%88%d8%b9%d9%8a%d8%a9-%d8%aa%d8%b3%d8%b1%d9%8a-%d8%ad%d8%aa%d9%89-5-%d9%8a%d9%88%d9%84%d9%8a%d9%88-2022-%d8%a7%d9%84.html,2912843009.jpg,,,,,,,
https://www.alsoouq.com//uploads/2022/06/184413506.jpg,13,عروض بنده الأسبوعية تسري حتى 5-يوليو-2022 الموافق 6-ذو الحجة-1443 لايفوتكم اليوم الأخير من عروض الصيف,https://www.alsoouq.com/saudi-arabia-offers/panda-offers/%d8%b9%d8%b1%d9%88%d8%b6-%d8%a8%d9%86%d8%af%d9%87-%d8%a7%d9%84%d8%a3%d8%b3%d8%a8%d9%88%d8%b9%d9%8a%d8%a9-%d8%aa%d8%b3%d8%b1%d9%8a-%d8%ad%d8%aa%d9%89-5-%d9%8a%d9%88%d9%84%d9%8a%d9%88-2022-%d8%a7%d9%84.html,184413506.jpg,,,,,,,
https://www.alsoouq.com//uploads/2022/06/7929209031.jpg,13,عروض بنده الأسبوعية تسري حتى 5-يوليو-2022 الموافق 6-ذو الحجة-1443 لايفوتكم اليوم الأخير من عروض الصيف,https://www.alsoouq.com/saudi-arabia-offers/panda-offers/%d8%b9%d8%b1%d9%88%d8%b6-%d8%a8%d9%86%d8%af%d9%87-%d8%a7%d9%84%d8%a3%d8%b3%d8%a8%d9%88%d8%b9%d9%8a%d8%a9-%d8%aa%d8%b3%d8%b1%d9%8a-%d8%ad%d8%aa%d9%89-5-%d9%8a%d9%88%d9%84%d9%8a%d9%88-2022-%d8%a7%d9%84.html,7929209031.jpg,,,,,,,
https://www.alsoouq.com//uploads/2022/06/2630858634.jpg,13,عروض بنده الأسبوعية تسري حتى 5-يوليو-2022 الموافق 6-ذو الحجة-1443 لايفوتكم اليوم الأخير من عروض الصيف,https://www.alsoouq.com/saudi-arabia-offers/panda-offers/%d8%b9%d8%b1%d9%88%d8%b6-%d8%a8%d9%86%d8%af%d9%87-%d8%a7%d9%84%d8%a3%d8%b3%d8%a8%d9%88%d8%b9%d9%8a%d8%a9-%d8%aa%d8%b3%d8%b1%d9%8a-%d8%ad%d8%aa%d9%89-5-%d9%8a%d9%88%d9%84%d9%8a%d9%88-2022-%d8%a7%d9%84.html,2630858634.jpg,,,,,,,
https://www.alsoouq.com//uploads/2022/06/8621610348.jpg,14,عروض بنده الأسبوعية تسري حتى 5-يوليو-2022 الموافق 6-ذو الحجة-1443 لايفوتكم اليوم الأخير من عروض الصيف,https://www.alsoouq.com/saudi-arabia-offers/panda-offers/%d8%b9%d8%b1%d9%88%d8%b6-%d8%a8%d9%86%d8%af%d9%87-%d8%a7%d9%84%d8%a3%d8%b3%d8%a8%d9%88%d8%b9%d9%8a%d8%a9-%d8%aa%d8%b3%d8%b1%d9%8a-%d8%ad%d8%aa%d9%89-5-%d9%8a%d9%88%d9%84%d9%8a%d9%88-2022-%d8%a7%d9%84.html,8621610348.jpg,,,,,,,
https://www.alsoouq.com//uploads/2022/06/8255807572.jpg,14,عروض بنده الأسبوعية تسري حتى 5-يوليو-2022 الموافق 6-ذو الحجة-1443 لايفوتكم اليوم الأخير من عروض الصيف,https://www.alsoouq.com/saudi-arabia-offers/panda-offers/%d8%b9%d8%b1%d9%88%d8%b6-%d8%a8%d9%86%d8%af%d9%87-%d8%a7%d9%84%d8%a3%d8%b3%d8%a8%d9%88%d8%b9%d9%8a%d8%a9-%d8%aa%d8%b3%d8%b1%d9%8a-%d8%ad%d8%aa%d9%89-5-%d9%8a%d9%88%d9%84%d9%8a%d9%88-2022-%d8%a7%d9%84.html,8255807572.jpg,,,,,,,
https://www.alsoouq.com//uploads/2022/06/8212046927.jpg,14,عروض بنده الأسبوعية تسري حتى 5-يوليو-2022 الموافق 6-ذو الحجة-1443 لايفوتكم اليوم الأخير من عروض الصيف,https://www.alsoouq.com/saudi-arabia-offers/panda-offers/%d8%b9%d8%b1%d9%88%d8%b6-%d8%a8%d9%86%d8%af%d9%87-%d8%a7%d9%84%d8%a3%d8%b3%d8%a8%d9%88%d8%b9%d9%8a%d8%a9-%d8%aa%d8%b3%d8%b1%d9%8a-%d8%ad%d8%aa%d9%89-5-%d9%8a%d9%88%d9%84%d9%8a%d9%88-2022-%d8%a7%d9%84.html,8212046927.jpg,,,,,,,
https://www.alsoouq.com//uploads/2022/06/5139950283.jpg,14,عروض بنده الأسبوعية تسري حتى 5-يوليو-2022 الموافق 6-ذو الحجة-1443 لايفوتكم اليوم الأخير من عروض الصيف,https://www.alsoouq.com/saudi-arabia-offers/panda-offers/%d8%b9%d8%b1%d9%88%d8%b6-%d8%a8%d9%86%d8%af%d9%87-%d8%a7%d9%84%d8%a3%d8%b3%d8%a8%d9%88%d8%b9%d9%8a%d8%a9-%d8%aa%d8%b3%d8%b1%d9%8a-%d8%ad%d8%aa%d9%89-5-%d9%8a%d9%88%d9%84%d9%8a%d9%88-2022-%d8%a7%d9%84.html,5139950283.jpg,,,,,,,
https://www.alsoouq.com//uploads/2022/06/8991789357.jpg,15,عروض بنده الأسبوعية تسري حتى 5-يوليو-2022 الموافق 6-ذو الحجة-1443 لايفوتكم اليوم الأخير من عروض الصيف,https://www.alsoouq.com/saudi-arabia-offers/panda-offers/%d8%b9%d8%b1%d9%88%d8%b6-%d8%a8%d9%86%d8%af%d9%87-%d8%a7%d9%84%d8%a3%d8%b3%d8%a8%d9%88%d8%b9%d9%8a%d8%a9-%d8%aa%d8%b3%d8%b1%d9%8a-%d8%ad%d8%aa%d9%89-5-%d9%8a%d9%88%d9%84%d9%8a%d9%88-2022-%d8%a7%d9%84.html,8991789357.jpg,,,,,,,
https://www.alsoouq.com//uploads/2022/06/3089078717.jpg,15,عروض بنده الأسبوعية تسري حتى 5-يوليو-2022 الموافق 6-ذو الحجة-1443 لايفوتكم اليوم الأخير من عروض الصيف,https://www.alsoouq.com/saudi-arabia-offers/panda-offers/%d8%b9%d8%b1%d9%88%d8%b6-%d8%a8%d9%86%d8%af%d9%87-%d8%a7%d9%84%d8%a3%d8%b3%d8%a8%d9%88%d8%b9%d9%8a%d8%a9-%d8%aa%d8%b3%d8%b1%d9%8a-%d8%ad%d8%aa%d9%89-5-%d9%8a%d9%88%d9%84%d9%8a%d9%88-2022-%d8%a7%d9%84.html,3089078717.jpg,,,,,,,
https://www.alsoouq.com//uploads/2022/06/1280014673.jpg,15,عروض بنده الأسبوعية تسري حتى 5-يوليو-2022 الموافق 6-ذو الحجة-1443 لايفوتكم اليوم الأخير من عروض الصيف,https://www.alsoouq.com/saudi-arabia-offers/panda-offers/%d8%b9%d8%b1%d9%88%d8%b6-%d8%a8%d9%86%d8%af%d9%87-%d8%a7%d9%84%d8%a3%d8%b3%d8%a8%d9%88%d8%b9%d9%8a%d8%a9-%d8%aa%d8%b3%d8%b1%d9%8a-%d8%ad%d8%aa%d9%89-5-%d9%8a%d9%88%d9%84%d9%8a%d9%88-2022-%d8%a7%d9%84.html,1280014673.jpg,,,,,,,
https://www.alsoouq.com//uploads/2022/06/3621755543.jpg,15,عروض بنده الأسبوعية تسري حتى 5-يوليو-2022 الموافق 6-ذو الحجة-1443 لايفوتكم اليوم الأخير من عروض الصيف,https://www.alsoouq.com/saudi-arabia-offers/panda-offers/%d8%b9%d8%b1%d9%88%d8%b6-%d8%a8%d9%86%d8%af%d9%87-%d8%a7%d9%84%d8%a3%d8%b3%d8%a8%d9%88%d8%b9%d9%8a%d8%a9-%d8%aa%d8%b3%d8%b1%d9%8a-%d8%ad%d8%aa%d9%89-5-%d9%8a%d9%88%d9%84%d9%8a%d9%88-2022-%d8%a7%d9%84.html,3621755543.jpg,,,,,,,
https://www.alsoouq.com//uploads/2022/06/4160887685.jpg,16,عروض بنده الأسبوعية تسري حتى 5-يوليو-2022 الموافق 6-ذو الحجة-1443 لايفوتكم اليوم الأخير من عروض الصيف,https://www.alsoouq.com/saudi-arabia-offers/panda-offers/%d8%b9%d8%b1%d9%88%d8%b6-%d8%a8%d9%86%d8%af%d9%87-%d8%a7%d9%84%d8%a3%d8%b3%d8%a8%d9%88%d8%b9%d9%8a%d8%a9-%d8%aa%d8%b3%d8%b1%d9%8a-%d8%ad%d8%aa%d9%89-5-%d9%8a%d9%88%d9%84%d9%8a%d9%88-2022-%d8%a7%d9%84.html,4160887685.jpg,,,,,,,
https://www.alsoouq.com//uploads/2022/06/8196405048.jpg,16,عروض بنده الأسبوعية تسري حتى 5-يوليو-2022 الموافق 6-ذو الحجة-1443 لايفوتكم اليوم الأخير من عروض الصيف,https://www.alsoouq.com/saudi-arabia-offers/panda-offers/%d8%b9%d8%b1%d9%88%d8%b6-%d8%a8%d9%86%d8%af%d9%87-%d8%a7%d9%84%d8%a3%d8%b3%d8%a8%d9%88%d8%b9%d9%8a%d8%a9-%d8%aa%d8%b3%d8%b1%d9%8a-%d8%ad%d8%aa%d9%89-5-%d9%8a%d9%88%d9%84%d9%8a%d9%88-2022-%d8%a7%d9%84.html,8196405048.jpg,,,,,,,
https://www.alsoouq.com//uploads/2022/06/1695363746.jpg,16,عروض بنده الأسبوعية تسري حتى 5-يوليو-2022 الموافق 6-ذو الحجة-1443 لايفوتكم اليوم الأخير من عروض الصيف,https://www.alsoouq.com/saudi-arabia-offers/panda-offers/%d8%b9%d8%b1%d9%88%d8%b6-%d8%a8%d9%86%d8%af%d9%87-%d8%a7%d9%84%d8%a3%d8%b3%d8%a8%d9%88%d8%b9%d9%8a%d8%a9-%d8%aa%d8%b3%d8%b1%d9%8a-%d8%ad%d8%aa%d9%89-5-%d9%8a%d9%88%d9%84%d9%8a%d9%88-2022-%d8%a7%d9%84.html,1695363746.jpg,,,,,,,
https://www.alsoouq.com//uploads/2022/06/7657625446.jpg,16,عروض بنده الأسبوعية تسري حتى 5-يوليو-2022 الموافق 6-ذو الحجة-1443 لايفوتكم اليوم الأخير من عروض الصيف,https://www.alsoouq.com/saudi-arabia-offers/panda-offers/%d8%b9%d8%b1%d9%88%d8%b6-%d8%a8%d9%86%d8%af%d9%87-%d8%a7%d9%84%d8%a3%d8%b3%d8%a8%d9%88%d8%b9%d9%8a%d8%a9-%d8%aa%d8%b3%d8%b1%d9%8a-%d8%ad%d8%aa%d9%89-5-%d9%8a%d9%88%d9%84%d9%8a%d9%88-2022-%d8%a7%d9%84.html,7657625446.jpg,,,,,,,
https://www.alsoouq.com//uploads/2022/06/2872722964.jpg,16,عروض بنده الأسبوعية تسري حتى 5-يوليو-2022 الموافق 6-ذو الحجة-1443 لايفوتكم اليوم الأخير من عروض الصيف,https://www.alsoouq.com/saudi-arabia-offers/panda-offers/%d8%b9%d8%b1%d9%88%d8%b6-%d8%a8%d9%86%d8%af%d9%87-%d8%a7%d9%84%d8%a3%d8%b3%d8%a8%d9%88%d8%b9%d9%8a%d8%a9-%d8%aa%d8%b3%d8%b1%d9%8a-%d8%ad%d8%aa%d9%89-5-%d9%8a%d9%88%d9%84%d9%8a%d9%88-2022-%d8%a7%d9%84.html,2872722964.jpg,,,,,,,
https://www.alsoouq.com//uploads/2022/06/896588394.jpg,16,عروض بنده الأسبوعية تسري حتى 5-يوليو-2022 الموافق 6-ذو الحجة-1443 لايفوتكم اليوم الأخير من عروض الصيف,https://www.alsoouq.com/saudi-arabia-offers/panda-offers/%d8%b9%d8%b1%d9%88%d8%b6-%d8%a8%d9%86%d8%af%d9%87-%d8%a7%d9%84%d8%a3%d8%b3%d8%a8%d9%88%d8%b9%d9%8a%d8%a9-%d8%aa%d8%b3%d8%b1%d9%8a-%d8%ad%d8%aa%d9%89-5-%d9%8a%d9%88%d9%84%d9%8a%d9%88-2022-%d8%a7%d9%84.html,896588394.jpg,,,,,,,
https://www.alsoouq.com//uploads/2022/06/4901011814.jpg,17,عروض بنده الأسبوعية تسري حتى 5-يوليو-2022 الموافق 6-ذو الحجة-1443 لايفوتكم اليوم الأخير من عروض الصيف,https://www.alsoouq.com/saudi-arabia-offers/panda-offers/%d8%b9%d8%b1%d9%88%d8%b6-%d8%a8%d9%86%d8%af%d9%87-%d8%a7%d9%84%d8%a3%d8%b3%d8%a8%d9%88%d8%b9%d9%8a%d8%a9-%d8%aa%d8%b3%d8%b1%d9%8a-%d8%ad%d8%aa%d9%89-5-%d9%8a%d9%88%d9%84%d9%8a%d9%88-2022-%d8%a7%d9%84.html,4901011814.jpg,,,,,,,
https://www.alsoouq.com//uploads/2022/06/9958982747.jpg,17,عروض بنده الأسبوعية تسري حتى 5-يوليو-2022 الموافق 6-ذو الحجة-1443 لايفوتكم اليوم الأخير من عروض الصيف,https://www.alsoouq.com/saudi-arabia-offers/panda-offers/%d8%b9%d8%b1%d9%88%d8%b6-%d8%a8%d9%86%d8%af%d9%87-%d8%a7%d9%84%d8%a3%d8%b3%d8%a8%d9%88%d8%b9%d9%8a%d8%a9-%d8%aa%d8%b3%d8%b1%d9%8a-%d8%ad%d8%aa%d9%89-5-%d9%8a%d9%88%d9%84%d9%8a%d9%88-2022-%d8%a7%d9%84.html,9958982747.jpg,,,,,,,
https://www.alsoouq.com//uploads/2022/06/9206179734.jpg,17,عروض بنده الأسبوعية تسري حتى 5-يوليو-2022 الموافق 6-ذو الحجة-1443 لايفوتكم اليوم الأخير من عروض الصيف,https://www.alsoouq.com/saudi-arabia-offers/panda-offers/%d8%b9%d8%b1%d9%88%d8%b6-%d8%a8%d9%86%d8%af%d9%87-%d8%a7%d9%84%d8%a3%d8%b3%d8%a8%d9%88%d8%b9%d9%8a%d8%a9-%d8%aa%d8%b3%d8%b1%d9%8a-%d8%ad%d8%aa%d9%89-5-%d9%8a%d9%88%d9%84%d9%8a%d9%88-2022-%d8%a7%d9%84.html,9206179734.jpg,,,,,,,
https://www.alsoouq.com//uploads/2022/06/9214223800.jpg,17,عروض بنده الأسبوعية تسري حتى 5-يوليو-2022 الموافق 6-ذو الحجة-1443 لايفوتكم اليوم الأخير من عروض الصيف,https://www.alsoouq.com/saudi-arabia-offers/panda-offers/%d8%b9%d8%b1%d9%88%d8%b6-%d8%a8%d9%86%d8%af%d9%87-%d8%a7%d9%84%d8%a3%d8%b3%d8%a8%d9%88%d8%b9%d9%8a%d8%a9-%d8%aa%d8%b3%d8%b1%d9%8a-%d8%ad%d8%aa%d9%89-5-%d9%8a%d9%88%d9%84%d9%8a%d9%88-2022-%d8%a7%d9%84.html,9214223800.jpg,,,,,,,
https://www.alsoouq.com//uploads/2022/06/9237952362.jpg,18,عروض بنده الأسبوعية تسري حتى 5-يوليو-2022 الموافق 6-ذو الحجة-1443 لايفوتكم اليوم الأخير من عروض الصيف,https://www.alsoouq.com/saudi-arabia-offers/panda-offers/%d8%b9%d8%b1%d9%88%d8%b6-%d8%a8%d9%86%d8%af%d9%87-%d8%a7%d9%84%d8%a3%d8%b3%d8%a8%d9%88%d8%b9%d9%8a%d8%a9-%d8%aa%d8%b3%d8%b1%d9%8a-%d8%ad%d8%aa%d9%89-5-%d9%8a%d9%88%d9%84%d9%8a%d9%88-2022-%d8%a7%d9%84.html,9237952362.jpg,,,,,,,
https://www.alsoouq.com//uploads/2022/06/3634030672.jpg,18,عروض بنده الأسبوعية تسري حتى 5-يوليو-2022 الموافق 6-ذو الحجة-1443 لايفوتكم اليوم الأخير من عروض الصيف,https://www.alsoouq.com/saudi-arabia-offers/panda-offers/%d8%b9%d8%b1%d9%88%d8%b6-%d8%a8%d9%86%d8%af%d9%87-%d8%a7%d9%84%d8%a3%d8%b3%d8%a8%d9%88%d8%b9%d9%8a%d8%a9-%d8%aa%d8%b3%d8%b1%d9%8a-%d8%ad%d8%aa%d9%89-5-%d9%8a%d9%88%d9%84%d9%8a%d9%88-2022-%d8%a7%d9%84.html,3634030672.jpg,,,,,,,
https://www.alsoouq.com//uploads/2022/06/855966504.jpg,18,عروض بنده الأسبوعية تسري حتى 5-يوليو-2022 الموافق 6-ذو الحجة-1443 لايفوتكم اليوم الأخير من عروض الصيف,https://www.alsoouq.com/saudi-arabia-offers/panda-offers/%d8%b9%d8%b1%d9%88%d8%b6-%d8%a8%d9%86%d8%af%d9%87-%d8%a7%d9%84%d8%a3%d8%b3%d8%a8%d9%88%d8%b9%d9%8a%d8%a9-%d8%aa%d8%b3%d8%b1%d9%8a-%d8%ad%d8%aa%d9%89-5-%d9%8a%d9%88%d9%84%d9%8a%d9%88-2022-%d8%a7%d9%84.html,855966504.jpg,,,,,,,
https://www.alsoouq.com//uploads/2022/06/3560163240.jpg,18,عروض بنده الأسبوعية تسري حتى 5-يوليو-2022 الموافق 6-ذو الحجة-1443 لايفوتكم اليوم الأخير من عروض الصيف,https://www.alsoouq.com/saudi-arabia-offers/panda-offers/%d8%b9%d8%b1%d9%88%d8%b6-%d8%a8%d9%86%d8%af%d9%87-%d8%a7%d9%84%d8%a3%d8%b3%d8%a8%d9%88%d8%b9%d9%8a%d8%a9-%d8%aa%d8%b3%d8%b1%d9%8a-%d8%ad%d8%aa%d9%89-5-%d9%8a%d9%88%d9%84%d9%8a%d9%88-2022-%d8%a7%d9%84.html,3560163240.jpg,,,,,,,
https://www.alsoouq.com//uploads/2022/06/1787517047.jpg,19,عروض بنده الأسبوعية تسري حتى 5-يوليو-2022 الموافق 6-ذو الحجة-1443 لايفوتكم اليوم الأخير من عروض الصيف,https://www.alsoouq.com/saudi-arabia-offers/panda-offers/%d8%b9%d8%b1%d9%88%d8%b6-%d8%a8%d9%86%d8%af%d9%87-%d8%a7%d9%84%d8%a3%d8%b3%d8%a8%d9%88%d8%b9%d9%8a%d8%a9-%d8%aa%d8%b3%d8%b1%d9%8a-%d8%ad%d8%aa%d9%89-5-%d9%8a%d9%88%d9%84%d9%8a%d9%88-2022-%d8%a7%d9%84.html,1787517047.jpg,,,,,,,
https://www.alsoouq.com//uploads/2022/06/829945164.jpg,19,عروض بنده الأسبوعية تسري حتى 5-يوليو-2022 الموافق 6-ذو الحجة-1443 لايفوتكم اليوم الأخير من عروض الصيف,https://www.alsoouq.com/saudi-arabia-offers/panda-offers/%d8%b9%d8%b1%d9%88%d8%b6-%d8%a8%d9%86%d8%af%d9%87-%d8%a7%d9%84%d8%a3%d8%b3%d8%a8%d9%88%d8%b9%d9%8a%d8%a9-%d8%aa%d8%b3%d8%b1%d9%8a-%d8%ad%d8%aa%d9%89-5-%d9%8a%d9%88%d9%84%d9%8a%d9%88-2022-%d8%a7%d9%84.html,829945164.jpg,,,,,,,
https://www.alsoouq.com//uploads/2022/06/2295591777.jpg,19,عروض بنده الأسبوعية تسري حتى 5-يوليو-2022 الموافق 6-ذو الحجة-1443 لايفوتكم اليوم الأخير من عروض الصيف,https://www.alsoouq.com/saudi-arabia-offers/panda-offers/%d8%b9%d8%b1%d9%88%d8%b6-%d8%a8%d9%86%d8%af%d9%87-%d8%a7%d9%84%d8%a3%d8%b3%d8%a8%d9%88%d8%b9%d9%8a%d8%a9-%d8%aa%d8%b3%d8%b1%d9%8a-%d8%ad%d8%aa%d9%89-5-%d9%8a%d9%88%d9%84%d9%8a%d9%88-2022-%d8%a7%d9%84.html,2295591777.jpg,,,,,,,
https://www.alsoouq.com//uploads/2022/06/484266386.jpg,19,عروض بنده الأسبوعية تسري حتى 5-يوليو-2022 الموافق 6-ذو الحجة-1443 لايفوتكم اليوم الأخير من عروض الصيف,https://www.alsoouq.com/saudi-arabia-offers/panda-offers/%d8%b9%d8%b1%d9%88%d8%b6-%d8%a8%d9%86%d8%af%d9%87-%d8%a7%d9%84%d8%a3%d8%b3%d8%a8%d9%88%d8%b9%d9%8a%d8%a9-%d8%aa%d8%b3%d8%b1%d9%8a-%d8%ad%d8%aa%d9%89-5-%d9%8a%d9%88%d9%84%d9%8a%d9%88-2022-%d8%a7%d9%84.html,484266386.jpg,,,,,,,
https://www.alsoouq.com//uploads/2022/06/2051614514.jpg,20,عروض بنده الأسبوعية تسري حتى 5-يوليو-2022 الموافق 6-ذو الحجة-1443 لايفوتكم اليوم الأخير من عروض الصيف,https://www.alsoouq.com/saudi-arabia-offers/panda-offers/%d8%b9%d8%b1%d9%88%d8%b6-%d8%a8%d9%86%d8%af%d9%87-%d8%a7%d9%84%d8%a3%d8%b3%d8%a8%d9%88%d8%b9%d9%8a%d8%a9-%d8%aa%d8%b3%d8%b1%d9%8a-%d8%ad%d8%aa%d9%89-5-%d9%8a%d9%88%d9%84%d9%8a%d9%88-2022-%d8%a7%d9%84.html,2051614514.jpg,,,,,,,
https://www.alsoouq.com//uploads/2022/06/5999581899.jpg,20,عروض بنده الأسبوعية تسري حتى 5-يوليو-2022 الموافق 6-ذو الحجة-1443 لايفوتكم اليوم الأخير من عروض الصيف,https://www.alsoouq.com/saudi-arabia-offers/panda-offers/%d8%b9%d8%b1%d9%88%d8%b6-%d8%a8%d9%86%d8%af%d9%87-%d8%a7%d9%84%d8%a3%d8%b3%d8%a8%d9%88%d8%b9%d9%8a%d8%a9-%d8%aa%d8%b3%d8%b1%d9%8a-%d8%ad%d8%aa%d9%89-5-%d9%8a%d9%88%d9%84%d9%8a%d9%88-2022-%d8%a7%d9%84.html,5999581899.jpg,,,,,,,
https://www.alsoouq.com//uploads/2022/06/2105900976.jpg,20,عروض بنده الأسبوعية تسري حتى 5-يوليو-2022 الموافق 6-ذو الحجة-1443 لايفوتكم اليوم الأخير من عروض الصيف,https://www.alsoouq.com/saudi-arabia-offers/panda-offers/%d8%b9%d8%b1%d9%88%d8%b6-%d8%a8%d9%86%d8%af%d9%87-%d8%a7%d9%84%d8%a3%d8%b3%d8%a8%d9%88%d8%b9%d9%8a%d8%a9-%d8%aa%d8%b3%d8%b1%d9%8a-%d8%ad%d8%aa%d9%89-5-%d9%8a%d9%88%d9%84%d9%8a%d9%88-2022-%d8%a7%d9%84.html,2105900976.jpg,,,,,,,
https://www.alsoouq.com//uploads/2022/06/6437038698.jpg,20,عروض بنده الأسبوعية تسري حتى 5-يوليو-2022 الموافق 6-ذو الحجة-1443 لايفوتكم اليوم الأخير من عروض الصيف,https://www.alsoouq.com/saudi-arabia-offers/panda-offers/%d8%b9%d8%b1%d9%88%d8%b6-%d8%a8%d9%86%d8%af%d9%87-%d8%a7%d9%84%d8%a3%d8%b3%d8%a8%d9%88%d8%b9%d9%8a%d8%a9-%d8%aa%d8%b3%d8%b1%d9%8a-%d8%ad%d8%aa%d9%89-5-%d9%8a%d9%88%d9%84%d9%8a%d9%88-2022-%d8%a7%d9%84.html,6437038698.jpg,,,,,,,
https://www.alsoouq.com//uploads/2022/06/4861468516.jpg,20,عروض بنده الأسبوعية تسري حتى 5-يوليو-2022 الموافق 6-ذو الحجة-1443 لايفوتكم اليوم الأخير من عروض الصيف,https://www.alsoouq.com/saudi-arabia-offers/panda-offers/%d8%b9%d8%b1%d9%88%d8%b6-%d8%a8%d9%86%d8%af%d9%87-%d8%a7%d9%84%d8%a3%d8%b3%d8%a8%d9%88%d8%b9%d9%8a%d8%a9-%d8%aa%d8%b3%d8%b1%d9%8a-%d8%ad%d8%aa%d9%89-5-%d9%8a%d9%88%d9%84%d9%8a%d9%88-2022-%d8%a7%d9%84.html,4861468516.jpg,,,,,,,
https://www.alsoouq.com//uploads/2022/06/4287988082.jpg,20,عروض بنده الأسبوعية تسري حتى 5-يوليو-2022 الموافق 6-ذو الحجة-1443 لايفوتكم اليوم الأخير من عروض الصيف,https://www.alsoouq.com/saudi-arabia-offers/panda-offers/%d8%b9%d8%b1%d9%88%d8%b6-%d8%a8%d9%86%d8%af%d9%87-%d8%a7%d9%84%d8%a3%d8%b3%d8%a8%d9%88%d8%b9%d9%8a%d8%a9-%d8%aa%d8%b3%d8%b1%d9%8a-%d8%ad%d8%aa%d9%89-5-%d9%8a%d9%88%d9%84%d9%8a%d9%88-2022-%d8%a7%d9%84.html,4287988082.jpg,,,,,,,
https://www.alsoouq.com//uploads/2022/06/9313119091.jpg,20,عروض بنده الأسبوعية تسري حتى 5-يوليو-2022 الموافق 6-ذو الحجة-1443 لايفوتكم اليوم الأخير من عروض الصيف,https://www.alsoouq.com/saudi-arabia-offers/panda-offers/%d8%b9%d8%b1%d9%88%d8%b6-%d8%a8%d9%86%d8%af%d9%87-%d8%a7%d9%84%d8%a3%d8%b3%d8%a8%d9%88%d8%b9%d9%8a%d8%a9-%d8%aa%d8%b3%d8%b1%d9%8a-%d8%ad%d8%aa%d9%89-5-%d9%8a%d9%88%d9%84%d9%8a%d9%88-2022-%d8%a7%d9%84.html,9313119091.jpg,,,,,,,
https://www.alsoouq.com//uploads/2022/06/9492092733.jpg,20,عروض بنده الأسبوعية تسري حتى 5-يوليو-2022 الموافق 6-ذو الحجة-1443 لايفوتكم اليوم الأخير من عروض الصيف,https://www.alsoouq.com/saudi-arabia-offers/panda-offers/%d8%b9%d8%b1%d9%88%d8%b6-%d8%a8%d9%86%d8%af%d9%87-%d8%a7%d9%84%d8%a3%d8%b3%d8%a8%d9%88%d8%b9%d9%8a%d8%a9-%d8%aa%d8%b3%d8%b1%d9%8a-%d8%ad%d8%aa%d9%89-5-%d9%8a%d9%88%d9%84%d9%8a%d9%88-2022-%d8%a7%d9%84.html,9492092733.jpg,,,,,,,
https://www.alsoouq.com//uploads/2022/06/6747502364.jpg,21,عروض بنده الأسبوعية تسري حتى 5-يوليو-2022 الموافق 6-ذو الحجة-1443 لايفوتكم اليوم الأخير من عروض الصيف,https://www.alsoouq.com/saudi-arabia-offers/panda-offers/%d8%b9%d8%b1%d9%88%d8%b6-%d8%a8%d9%86%d8%af%d9%87-%d8%a7%d9%84%d8%a3%d8%b3%d8%a8%d9%88%d8%b9%d9%8a%d8%a9-%d8%aa%d8%b3%d8%b1%d9%8a-%d8%ad%d8%aa%d9%89-5-%d9%8a%d9%88%d9%84%d9%8a%d9%88-2022-%d8%a7%d9%84.html,6747502364.jpg,,,,,,,
https://www.alsoouq.com//uploads/2022/06/4834134974.jpg,21,عروض بنده الأسبوعية تسري حتى 5-يوليو-2022 الموافق 6-ذو الحجة-1443 لايفوتكم اليوم الأخير من عروض الصيف,https://www.alsoouq.com/saudi-arabia-offers/panda-offers/%d8%b9%d8%b1%d9%88%d8%b6-%d8%a8%d9%86%d8%af%d9%87-%d8%a7%d9%84%d8%a3%d8%b3%d8%a8%d9%88%d8%b9%d9%8a%d8%a9-%d8%aa%d8%b3%d8%b1%d9%8a-%d8%ad%d8%aa%d9%89-5-%d9%8a%d9%88%d9%84%d9%8a%d9%88-2022-%d8%a7%d9%84.html,4834134974.jpg,,,,,,,
https://www.alsoouq.com//uploads/2022/06/8954705221.jpg,21,عروض بنده الأسبوعية تسري حتى 5-يوليو-2022 الموافق 6-ذو الحجة-1443 لايفوتكم اليوم الأخير من عروض الصيف,https://www.alsoouq.com/saudi-arabia-offers/panda-offers/%d8%b9%d8%b1%d9%88%d8%b6-%d8%a8%d9%86%d8%af%d9%87-%d8%a7%d9%84%d8%a3%d8%b3%d8%a8%d9%88%d8%b9%d9%8a%d8%a9-%d8%aa%d8%b3%d8%b1%d9%8a-%d8%ad%d8%aa%d9%89-5-%d9%8a%d9%88%d9%84%d9%8a%d9%88-2022-%d8%a7%d9%84.html,8954705221.jpg,,,,,,,
https://www.alsoouq.com//uploads/2022/06/1923685138.jpg,21,عروض بنده الأسبوعية تسري حتى 5-يوليو-2022 الموافق 6-ذو الحجة-1443 لايفوتكم اليوم الأخير من عروض الصيف,https://www.alsoouq.com/saudi-arabia-offers/panda-offers/%d8%b9%d8%b1%d9%88%d8%b6-%d8%a8%d9%86%d8%af%d9%87-%d8%a7%d9%84%d8%a3%d8%b3%d8%a8%d9%88%d8%b9%d9%8a%d8%a9-%d8%aa%d8%b3%d8%b1%d9%8a-%d8%ad%d8%aa%d9%89-5-%d9%8a%d9%88%d9%84%d9%8a%d9%88-2022-%d8%a7%d9%84.html,1923685138.jpg,,,,,,,
https://www.alsoouq.com//uploads/2022/06/4872570551.jpg,22,عروض بنده الأسبوعية تسري حتى 5-يوليو-2022 الموافق 6-ذو الحجة-1443 لايفوتكم اليوم الأخير من عروض الصيف,https://www.alsoouq.com/saudi-arabia-offers/panda-offers/%d8%b9%d8%b1%d9%88%d8%b6-%d8%a8%d9%86%d8%af%d9%87-%d8%a7%d9%84%d8%a3%d8%b3%d8%a8%d9%88%d8%b9%d9%8a%d8%a9-%d8%aa%d8%b3%d8%b1%d9%8a-%d8%ad%d8%aa%d9%89-5-%d9%8a%d9%88%d9%84%d9%8a%d9%88-2022-%d8%a7%d9%84.html,4872570551.jpg,,,,,,,
https://www.alsoouq.com//uploads/2022/06/7163496667.jpg,22,عروض بنده الأسبوعية تسري حتى 5-يوليو-2022 الموافق 6-ذو الحجة-1443 لايفوتكم اليوم الأخير من عروض الصيف,https://www.alsoouq.com/saudi-arabia-offers/panda-offers/%d8%b9%d8%b1%d9%88%d8%b6-%d8%a8%d9%86%d8%af%d9%87-%d8%a7%d9%84%d8%a3%d8%b3%d8%a8%d9%88%d8%b9%d9%8a%d8%a9-%d8%aa%d8%b3%d8%b1%d9%8a-%d8%ad%d8%aa%d9%89-5-%d9%8a%d9%88%d9%84%d9%8a%d9%88-2022-%d8%a7%d9%84.html,7163496667.jpg,,,,,,,
https://www.alsoouq.com//uploads/2022/06/1578191224.jpg,22,عروض بنده الأسبوعية تسري حتى 5-يوليو-2022 الموافق 6-ذو الحجة-1443 لايفوتكم اليوم الأخير من عروض الصيف,https://www.alsoouq.com/saudi-arabia-offers/panda-offers/%d8%b9%d8%b1%d9%88%d8%b6-%d8%a8%d9%86%d8%af%d9%87-%d8%a7%d9%84%d8%a3%d8%b3%d8%a8%d9%88%d8%b9%d9%8a%d8%a9-%d8%aa%d8%b3%d8%b1%d9%8a-%d8%ad%d8%aa%d9%89-5-%d9%8a%d9%88%d9%84%d9%8a%d9%88-2022-%d8%a7%d9%84.html,1578191224.jpg,,,,,,,
https://www.alsoouq.com//uploads/2022/06/6055275140.jpg,22,عروض بنده الأسبوعية تسري حتى 5-يوليو-2022 الموافق 6-ذو الحجة-1443 لايفوتكم اليوم الأخير من عروض الصيف,https://www.alsoouq.com/saudi-arabia-offers/panda-offers/%d8%b9%d8%b1%d9%88%d8%b6-%d8%a8%d9%86%d8%af%d9%87-%d8%a7%d9%84%d8%a3%d8%b3%d8%a8%d9%88%d8%b9%d9%8a%d8%a9-%d8%aa%d8%b3%d8%b1%d9%8a-%d8%ad%d8%aa%d9%89-5-%d9%8a%d9%88%d9%84%d9%8a%d9%88-2022-%d8%a7%d9%84.html,6055275140.jpg,,,,,,,
https://www.alsoouq.com//uploads/2022/06/3112416429.jpg,23,عروض بنده الأسبوعية تسري حتى 5-يوليو-2022 الموافق 6-ذو الحجة-1443 لايفوتكم اليوم الأخير من عروض الصيف,https://www.alsoouq.com/saudi-arabia-offers/panda-offers/%d8%b9%d8%b1%d9%88%d8%b6-%d8%a8%d9%86%d8%af%d9%87-%d8%a7%d9%84%d8%a3%d8%b3%d8%a8%d9%88%d8%b9%d9%8a%d8%a9-%d8%aa%d8%b3%d8%b1%d9%8a-%d8%ad%d8%aa%d9%89-5-%d9%8a%d9%88%d9%84%d9%8a%d9%88-2022-%d8%a7%d9%84.html,3112416429.jpg,,,,,,,
https://www.alsoouq.com//uploads/2022/06/3584170802.jpg,23,عروض بنده الأسبوعية تسري حتى 5-يوليو-2022 الموافق 6-ذو الحجة-1443 لايفوتكم اليوم الأخير من عروض الصيف,https://www.alsoouq.com/saudi-arabia-offers/panda-offers/%d8%b9%d8%b1%d9%88%d8%b6-%d8%a8%d9%86%d8%af%d9%87-%d8%a7%d9%84%d8%a3%d8%b3%d8%a8%d9%88%d8%b9%d9%8a%d8%a9-%d8%aa%d8%b3%d8%b1%d9%8a-%d8%ad%d8%aa%d9%89-5-%d9%8a%d9%88%d9%84%d9%8a%d9%88-2022-%d8%a7%d9%84.html,3584170802.jpg,,,,,,,
https://www.alsoouq.com//uploads/2022/06/4587076941.jpg,23,عروض بنده الأسبوعية تسري حتى 5-يوليو-2022 الموافق 6-ذو الحجة-1443 لايفوتكم اليوم الأخير من عروض الصيف,https://www.alsoouq.com/saudi-arabia-offers/panda-offers/%d8%b9%d8%b1%d9%88%d8%b6-%d8%a8%d9%86%d8%af%d9%87-%d8%a7%d9%84%d8%a3%d8%b3%d8%a8%d9%88%d8%b9%d9%8a%d8%a9-%d8%aa%d8%b3%d8%b1%d9%8a-%d8%ad%d8%aa%d9%89-5-%d9%8a%d9%88%d9%84%d9%8a%d9%88-2022-%d8%a7%d9%84.html,4587076941.jpg,,,,,,,
https://www.alsoouq.com//uploads/2022/06/6122942213.jpg,23,عروض بنده الأسبوعية تسري حتى 5-يوليو-2022 الموافق 6-ذو الحجة-1443 لايفوتكم اليوم الأخير من عروض الصيف,https://www.alsoouq.com/saudi-arabia-offers/panda-offers/%d8%b9%d8%b1%d9%88%d8%b6-%d8%a8%d9%86%d8%af%d9%87-%d8%a7%d9%84%d8%a3%d8%b3%d8%a8%d9%88%d8%b9%d9%8a%d8%a9-%d8%aa%d8%b3%d8%b1%d9%8a-%d8%ad%d8%aa%d9%89-5-%d9%8a%d9%88%d9%84%d9%8a%d9%88-2022-%d8%a7%d9%84.html,6122942213.jpg,,,,,,,
https://www.alsoouq.com//uploads/2022/06/2283285908.jpg,24,عروض بنده الأسبوعية تسري حتى 5-يوليو-2022 الموافق 6-ذو الحجة-1443 لايفوتكم اليوم الأخير من عروض الصيف,https://www.alsoouq.com/saudi-arabia-offers/panda-offers/%d8%b9%d8%b1%d9%88%d8%b6-%d8%a8%d9%86%d8%af%d9%87-%d8%a7%d9%84%d8%a3%d8%b3%d8%a8%d9%88%d8%b9%d9%8a%d8%a9-%d8%aa%d8%b3%d8%b1%d9%8a-%d8%ad%d8%aa%d9%89-5-%d9%8a%d9%88%d9%84%d9%8a%d9%88-2022-%d8%a7%d9%84.html,2283285908.jpg,,,,,,,
https://www.alsoouq.com//uploads/2022/06/4226816921.jpg,24,عروض بنده الأسبوعية تسري حتى 5-يوليو-2022 الموافق 6-ذو الحجة-1443 لايفوتكم اليوم الأخير من عروض الصيف,https://www.alsoouq.com/saudi-arabia-offers/panda-offers/%d8%b9%d8%b1%d9%88%d8%b6-%d8%a8%d9%86%d8%af%d9%87-%d8%a7%d9%84%d8%a3%d8%b3%d8%a8%d9%88%d8%b9%d9%8a%d8%a9-%d8%aa%d8%b3%d8%b1%d9%8a-%d8%ad%d8%aa%d9%89-5-%d9%8a%d9%88%d9%84%d9%8a%d9%88-2022-%d8%a7%d9%84.html,4226816921.jpg,,,,,,,
